0 0.2943513745704467 0.2005761067313523 0.4714347079037801 0.0776986052152820
0 0.0656142611683848 0.4943147362037598 0.1127577319587629 0.3619617950272893
0 0.1885738831615120 0.4763114008489994 0.1288659793814433 0.1326561552456033
0 0.1998496563573883 0.3569208611279563 0.1449742268041237 0.1023347483323226
0 0.5794673539518900 0.3408126137052759 0.2469931271477663 0.1307610673135233
0 0.6460481099656357 0.7169875682231656 0.3307560137457045 0.1288659793814434
0 0.7008161512027492 0.6279184354154033 0.1245704467353952 0.0379017586416009
0 0.6433634020618556 0.5037901758641601 0.0633591065292097 0.1572922983626440
0 0.1343427835051546 0.7728926622195269 0.2631013745704467 0.1459217707701636
0 0.5166451890034364 0.9349226804123711 0.1299398625429554 0.1137052759248028
0 0.8657649988965604 0.8973430867192238 0.1408942589615058 0.2053138265615525